filename, literals, clauses, width
mp1-klieber2017s-1200-023-eq.cnf, 6913, 20671, 3
g2-T112.1.0.cnf, 2630373, 9498011, 111
mp1-rubikcube601.cnf, 3066, 62609, 111
g2-gss-30-s100.cnf, 32309, 97275, 111
g2-mizh-md5-47-5.cnf, 65604, 273520, 111
mp1-blockpuzzle_5x10_s2_free5.cnf, 2850, 303100, 111
mp1-rubikcube120.cnf, 2778, 56303, 111
mp1-tri_ali_s11_c35_bail_UNS.cnf, 400, 1737, 111
g2-ak128astepbg2msaig.cnf, 422649, 1265652, 111
mp1-24.6.cnf, 4448, 138764, 111
mp1-blockpuzzle_9x9_s8_free7.cnf, 7290, 1241973, 111
mp1-klieber2017s-0490-023-t12.cnf, 30833, 92441, 111
g2-T122.1.0.cnf, 2651128, 9567747, 111
mp1-Nb5T16.cnf, 6829, 27000, 111
mp1-blockpuzzle_5x10_s5_free3.cnf, 2750, 287100, 111
mp1-rubikcube301.cnf, 2730, 56093, 111
g2-ak128modasbg1sbisc.cnf, 343799, 1128030, 257
g2-ak128boothbg2msisc.cnf, 377084, 1227753, 257
g2-hwmcc15deep-bobpcihm-k32.cnf, 204319, 566667, 257
mp1-rubikcube031.cnf, 3138, 62860, 257
mp1-ps_5000_21250_3_0_0.8_0_1.60_2.cnf, 5000, 21250, 257
g2-modgen-n200-m90860q08c40-16823.cnf, 2200, 9086, 257
mp1-blockpuzzle_5x10_s3_free4.cnf, 2750, 287000, 257
mp1-klieber2017s-1200-024-eq.cnf, 7476, 22357, 257
mp1-ps_5000_21250_3_0_0.7_0_1.50_0.cnf, 5000, 21250, 257
g2-T110.2.1.cnf, 6087758, 21441900, 257
mp1-ps_5000_21250_3_0_0.6_0_1.45_8.cnf, 5000, 21250, 257
mp1-blockpuzzle_9x9_s1_free8.cnf, 7290, 1241811, 257
g2-T99.2.1.cnf, 6269521, 21859028, 406
g2-test_v5_r10_vr10_c1_s21502.smt2-cvc4.cnf, 245249, 1089831, 406
mp1-21.7.cnf, 3968, 119208, 406
g2-UR-20-5p1.cnf, 224962, 1204358, 406
mp1-9_27.cnf, 1458, 280140, 406
mp1-ps_5000_21250_3_0_0.7_0_1.50_8.cnf, 5000, 21250, 406
g2-hwmcc15deep-bobpcihm-k31.cnf, 194793, 540136, 406
g2-T88.2.1.cnf, 3372289, 11667491, 406
g2-ACG-20-10p1.cnf, 381708, 1632906, 406
mp1-tri_ali_s11_c35_sinx_UNS.cnf, 1151, 3535, 406
mp1-klieber2017s-1600-024-eq.cnf, 9293, 27808, 406
mp1-klieber2017s-0300-032-t12.cnf, 19491, 58388, 406
mp1-9_25.cnf, 1458, 280136, 406
mp1-qpr-bmp280-driver-14.cnf, 23325, 95362, 406
mp1-9_50.cnf, 1458, 280136, 406
g2-gss-40-s100.cnf, 32814, 98815, 406
g2-ak128modasmodasisc.cnf, 325625, 1040620, 406
mp1-squ_any_s09x07_c27_bail_UNS.cnf, 368, 1594, 406
mp1-23.1.cnf, 4288, 132672, 406
mp1-Nb6T06.cnf, 3702, 15840, 406
g2-hwmcc15deep-bobpcihm-k33.cnf, 213845, 593198, 406
mp1-klieber2017s-0300-034-t12.cnf, 19743, 59138, 406
mp1-klieber2017s-0300-035-t12.cnf, 19814, 59348, 406
mp1-squ_ali_s10x10_c39_abix_SAT.cnf, 1672, 5262, 406
g2-newton.8.3.i.smt2-cvc4.cnf, 302735, 1309690, 406
mp1-ps_5000_21250_3_0_0.7_0_1.45_4.cnf, 5000, 21250, 406
mp1-Nb7T08.cnf, 8497, 35672, 406
g2-hwmcc15deep-bobpcihm-k30.cnf, 185267, 513605, 406
mp1-rubikcube612.cnf, 3426, 69294, 406
mp1-ps_5000_21250_3_0_0.8_0_1.55_8.cnf, 5000, 21250, 406
g2-test_v7_r7_vr5_c1_s14675.smt2-cvc4.cnf, 244193, 1082414, 406
g2-hwmcc15deep-bob12s02-k16.cnf, 203492, 602145, 406
g2-T97.2.1.cnf, 4038010, 14110352, 406
mp1-23.6.cnf, 4288, 132672, 406
g2-hwmcc15deep-6s33-k33.cnf, 24125, 70154, 406
mp1-bsat210-739.cnf, 210, 739, 406
mp1-23.7.cnf, 4288, 132672, 406
g2-hwmcc15deep-6s161-k17.cnf, 44195, 128349, 406
g2-hwmcc15deep-oski15a14b30s-k24.cnf, 683370, 1773257, 406
mp1-24.1.cnf, 4448, 138764, 406
g2-hwmcc15deep-6s399b03-k02.cnf, 7191, 21428, 406
mp1-ps_5000_21250_3_0_0.8_0_1.50_2.cnf, 5000, 21250, 406
g2-hwmcc15deep-beemloyd3b1-k31.cnf, 122450, 327831, 406
g2-hwmcc15deep-intel065-k11.cnf, 156426, 376988, 406
g2-mizh-md5-48-2.cnf, 66892, 279240, 406
g2-hwmcc15deep-6s516r-k17.cnf, 47761, 135422, 406
g2-slp-synthesis-aes-top30.cnf, 101451, 323566, 3667
mp1-23.4.cnf, 4288, 132672, 3667
mp1-blockpuzzle_7x10_s10_free4.cnf, 5180, 742770, 3667
mp1-ps_5000_21250_3_0_0.8_0_1.60_4.cnf, 5000, 21250, 3667
mp1-21.3.cnf, 3968, 119208, 3667
mp1-klieber2017s-1600-022-eq.cnf, 9383, 28084, 3667
g2-Sz512_15128_1.smt2-cvc4.cnf, 10478, 33986, 3667
mp1-Nb5T15.cnf, 6360, 25200, 3667
g2-T83.2.1.cnf, 3421205, 11829226, 3667
mp1-Nb7T42.cnf, 52731, 208936, 3667
g2-modgen-n200-m90860q08c40-29667.cnf, 2200, 9086, 3667
mp1-9_34.cnf, 1458, 280140, 3667
g2-slp-synthesis-aes-top28.cnf, 88763, 282870, 3667
mp1-rubikcube701.cnf, 3066, 62609, 3667
mp1-ps_5000_21250_3_0_0.7_0_1.45_6.cnf, 5000, 21250, 3667
g2-hwmcc15deep-6s516r-k18.cnf, 51996, 147556, 3667
mp1-rubikcube312.cnf, 3090, 62778, 3667
g2-gss-36-s100.cnf, 32642, 98287, 3667
mp1-blockpuzzle_9x9_s1_free10.cnf, 7452, 1284093, 3667
g2-ak128boothbg2asisc.cnf, 344320, 1129588, 3667
mp1-ps_5000_21250_3_0_0.8_0_1.70_2.cnf, 5000, 21250, 3667
g2-hwmcc15deep-beemhanoi4b1-k32.cnf, 392428, 921945, 3667
mp1-24.4.cnf, 4448, 138764, 3667
g2-hwmcc15deep-oski15a10b06s-k24.cnf, 631770, 1651217, 3667
g2-slp-synthesis-aes-top24.cnf, 65983, 209942, 3667
g2-T103.2.1.cnf, 2943830, 10335595, 3667
g2-T104.1.0.cnf, 7339147, 25976627, 3667
g2-modgen-n200-m90860q08c40-6967.cnf, 2200, 9086, 3667
mp1-ps_5000_21250_3_0_0.8_0_1.70_8.cnf, 5000, 21250, 3667
mp1-Nb6T27.cnf, 20817, 82368, 3667
g2-ak128paralparalisc.cnf, 265303, 859948, 3667
g2-T81.2.1.cnf, 3413200, 11803643, 3667
mp1-9_24.cnf, 1458, 280135, 3667
mp1-22.7.cnf, 4128, 126580, 3667
mp1-9_12.cnf, 1458, 280139, 3667
mp1-Nb7T07.cnf, 7196, 30576, 3667
mp1-klieber2017s-1600-023-eq.cnf, 9152, 27388, 3667
mp1-ps_5000_21250_3_0_0.6_0_1.45_0.cnf, 5000, 21250, 3667
mp1-ps_5000_21250_3_0_0.8_0_1.60_8.cnf, 5000, 21250, 3667
mp1-rubikcube512.cnf, 2754, 56262, 3667
g2-hwmcc15deep-oski15a14b04s-k16.cnf, 491922, 1274014, 3667
g2-ak128paralsimpbaig.cnf, 510105, 1528020, 3667
mp1-23.3.cnf, 4288, 132672, 3667
g2-T55.2.0.cnf, 1553474, 5386610, 3667
g2-ak128astepbg2asisc.cnf, 260359, 845072, 3667
g2-hwmcc15deep-intel032-k84.cnf, 426091, 882800, 3667
mp1-21.9.cnf, 3968, 119208, 3667
mp1-bsat180-648.cnf, 180, 648, 3667
mp1-squ_any_s09x07_c27_abio_UNS.cnf, 851, 2702, 3667
mp1-Nb6T30.cnf, 23262, 91872, 3667
g2-ak128boothbg2msaig.cnf, 572519, 1715262, 3667
mp1-23.2.cnf, 4288, 132672, 3667
mp1-ps_5000_21250_3_0_0.7_0_1.45_2.cnf, 5000, 21250, 3667
mp1-squ_any_s09x07_c27_sinx_UNS.cnf, 1035, 3197, 3667
mp1-tri_ali_s11_c35_abix_UNS.cnf, 932, 2994, 3667
mp1-ps_5000_21250_3_0_0.8_0_1.50_4.cnf, 5000, 21250, 3667
mp1-Nb5T06.cnf, 2139, 9000, 3667
mp1-21.4.cnf, 3968, 119208, 3667
mp1-9_44.cnf, 1458, 280140, 3667
mp1-9_11.cnf, 1458, 280143, 3667
mp1-klieber2017s-1200-022-eq.cnf, 7231, 21628, 3667
mp1-Nb6T07.cnf, 4517, 19008, 3667
mp1-rubikcube901.cnf, 2730, 56093, 3667
g2-hwmcc15deep-6s105-k35.cnf, 75903, 224705, 3667
mp1-24.7.cnf, 4448, 138764, 3667
mp1-bsat222-777.cnf, 0, 0, 3667
mp1-24.2.cnf, 4448, 138764, 3667
mp1-blockpuzzle_5x10_s8_free3.cnf, 2750, 287100, 3667
g2-hwmcc15deep-6s44-k38.cnf, 242811, 707932, 3667
mp1-ps_5000_21250_3_0_0.6_0_1.50_6.cnf, 5000, 21250, 3667
mp1-22.9.cnf, 4128, 126580, 3667
g2-hwmcc15deep-6s44-k40.cnf, 259705, 757474, 3667
g2-T49.2.0.cnf, 4158552, 14480272, 3667
mp1-21.0.cnf, 3968, 119208, 3667
mp1-Nb7T43.cnf, 54032, 214032, 3667
mp1-blockpuzzle_9x9_s8_free3.cnf, 6966, 1159353, 3667
mp1-23.8.cnf, 4288, 132672, 3667
mp1-22.0.cnf, 4128, 126580, 3667
mp1-21.8.cnf, 3968, 119208, 3667
g2-ACG-20-5p1.cnf, 331196, 1416850, 3667
g2-ak128diagobg1btaig.cnf, 536817, 1608156, 3667
mp1-rubikcube520.cnf, 3114, 62819, 3667
mp1-21.5.cnf, 3968, 119208, 3667
g2-ak128paralbg2asaig.cnf, 376745, 1127946, 3667
g2-hwmcc15deep-6s33-k34.cnf, 24952, 72572, 3667
g2-hwmcc15deep-beemcmbrdg7f2-k32.cnf, 102936, 283797, 3667
g2-ak128boothbg1btisc.cnf, 426100, 1407187, 3667
g2-hwmcc15deep-bob12s02-k17.cnf, 216247, 639883, 3667
mp1-9_22.cnf, 1458, 280136, 3667
mp1-22.6.cnf, 4128, 126580, 3667
mp1-blockpuzzle_7x10_s7_free8.cnf, 5530, 820260, 3667
mp1-ps_5000_21250_3_0_0.8_0_1.70_6.cnf, 5000, 21250, 3667
mp1-24.0.cnf, 4448, 138764, 3667
mp1-21.1.cnf, 3968, 119208, 3667
mp1-klieber2017s-0500-023-t12.cnf, 30587, 91703, 3667
mp1-blockpuzzle_5x12_s6_free3.cnf, 3960, 496620, 3667
g2-UCG-20-10p1.cnf, 259258, 1388006, 3667
mp1-squ_any_s09x07_c27_sinz_UNS.cnf, 1035, 2261, 3667
g2-gss-32-s100.cnf, 32312, 97285, 3667
g2-T89.2.1.cnf, 3367468, 11660855, 3667
mp1-ps_5000_21250_3_0_0.6_0_1.45_2.cnf, 5000, 21250, 3667
g2-T65.2.1.cnf, 3300520, 11454140, 3667
g2-modgen-n200-m90860q08c40-3230.cnf, 2200, 9086, 3667
mp1-rubikcube912.cnf, 3090, 62778, 3667
g2-T133.2.1.cnf, 4219737, 14677117, 3667
mp1-Nb7T45.cnf, 56634, 224224, 3667
mp1-9_29.cnf, 1458, 280144, 3667
g2-T105.2.1.cnf, 4251485, 14795786, 3667
mp1-ps_5000_21250_3_0_0.8_0_1.50_6.cnf, 5000, 21250, 3667
mp1-squ_ali_s10x10_c39_abio_SAT.cnf, 1672, 5207, 3667
g2-UCG-20-5p1.cnf, 224986, 1204430, 3667
mp1-klieber2017s-2000-023-eq.cnf, 10193, 30511, 3667
mp1-bsat201-707.cnf, 201, 707, 3667
mp1-ps_5000_21250_3_0_0.7_0_1.45_0.cnf, 5000, 21250, 3667
mp1-rubikcube420.cnf, 3114, 62819, 3667
mp1-22.3.cnf, 4128, 126580, 3667
mp1-ps_5000_21250_3_0_0.8_0_1.50_8.cnf, 5000, 21250, 3667
g2-hwmcc15deep-oski15a10b10s-k20.cnf, 509532, 1326460, 3667
mp1-klieber2017s-0490-024-t12.cnf, 30503, 91448, 3667
mp1-22.2.cnf, 4128, 126580, 3667
g2-hwmcc15deep-beemfwt4b1-k48.cnf, 2300828, 5089482, 3667
mp1-Nb7T44.cnf, 55333, 219128, 3667
mp1-ps_5000_21250_3_0_0.6_0_1.50_0.cnf, 5000, 21250, 3667
g2-hwmcc15deep-6s179-k17.cnf, 11456, 32807, 3667
mp1-ps_5000_21250_3_0_0.7_0_1.50_2.cnf, 5000, 21250, 3667
mp1-rubikcube012.cnf, 3426, 69294, 3667
mp1-24.9.cnf, 4448, 138764, 3667
mp1-21.6.cnf, 3968, 119208, 3667
g2-gss-22-s100.cnf, 31616, 95110, 3667
g2-ak128astepbg1btisc.cnf, 342139, 1122671, 3667
g2-mizh-md5-48-5.cnf, 66892, 279256, 3667
g2-hwmcc15deep-6s341r-k16.cnf, 296616, 878410, 3667
mp1-rubikcube220.cnf, 3450, 69335, 3667
mp1-ps_5000_21250_3_0_0.8_0_1.55_2.cnf, 5000, 21250, 3667
g2-T106.2.0.cnf, 8363830, 29258821, 3667
g2-hwmcc15deep-oski15a10b08s-k23.cnf, 602485, 1573050, 3667
g2-T124.2.1.cnf, 2943418, 10333765, 3667
mp1-9_31.cnf, 1458, 280140, 3667
g2-T100.2.0.cnf, 4184145, 14567657, 3667
g2-ACG-15-10p1.cnf, 268258, 1155731, 3667
mp1-ps_5000_21250_3_0_0.7_0_1.45_8.cnf, 5000, 21250, 3667
g2-T102.2.1.cnf, 4209056, 14701817, 3667
mp1-9_38.cnf, 1458, 280140, 3667
mp1-bsat192-689.cnf, 192, 689, 3667
mp1-ps_5000_21250_3_0_0.6_0_1.45_6.cnf, 5000, 21250, 3667
mp1-9_19.cnf, 1458, 280140, 3667
mp1-rubikcube101.cnf, 3066, 62609, 3667
g2-hwmcc15deep-6s340rb63-k16.cnf, 123061, 363619, 3667
mp1-ps_5000_21250_3_0_0.8_0_1.60_6.cnf, 5000, 21250, 3667
mp1-rubikcube820.cnf, 3450, 69335, 3667
mp1-22.5.cnf, 4128, 126580, 3667
mp1-ps_5000_21250_3_0_0.7_0_1.50_6.cnf, 5000, 21250, 3667
mp1-rubikcube401.cnf, 3402, 69125, 3667
g2-T1.2.1.cnf, 4160759, 14484930, 3667
g2-ak128astepmodbtisc.cnf, 263025, 869766, 3667
g2-mizh-md5-47-3.cnf, 65604, 273522, 3667
g2-ak128paralbg1sbisc.cnf, 313638, 1037694, 3667
g2-T155.1.0.cnf, 2610401, 9433555, 3667
mp1-ps_5000_21250_3_0_0.6_0_1.50_2.cnf, 5000, 21250, 3667
mp1-ps_5000_21250_3_0_0.8_0_1.70_0.cnf, 5000, 21250, 3667
g2-hwmcc15deep-beembkry8b1-k45.cnf, 249516, 528367, 3667
g2-ak128modbtbg1asisc.cnf, 263025, 869766, 3667
mp1-24.5.cnf, 4448, 138764, 3667
g2-hwmcc15deep-beemhanoi4b1-k37.cnf, 455573, 1070495, 3667
mp1-tri_ali_s11_c35_sinz_UNS.cnf, 1151, 2481, 3667
g2-hwmcc15deep-beemlifts3b1-k29.cnf, 1238026, 3431267, 3667
mp1-squ_ali_s10x10_c39_sinx_SAT.cnf, 2479, 7383, 3667
g2-T75.2.0.cnf, 1510704, 5251942, 3667
g2-ak128boothmodasaig.cnf, 572261, 1714488, 3667
mp1-blockpuzzle_9x9_s4_free3.cnf, 6885, 1138941, 3667
g2-ak128boothboothisc.cnf, 428019, 1413322, 3667
mp1-klieber2017s-2000-022-eq.cnf, 10912, 32671, 3667
g2-T154.1.0.cnf, 2646168, 9549303, 3667
mp1-23.0.cnf, 4288, 132672, 3667
g2-ak128astepbg2msisc.cnf, 293123, 943237, 3667
g2-T65.2.0.cnf, 1504336, 5233340, 3667
g2-gss-28-s100.cnf, 32151, 96786, 3667
g2-ak128simpbbg1sbisc.cnf, 361973, 1215440, 3667
mp1-rubikcube812.cnf, 3090, 62778, 3667
mp1-24.8.cnf, 4448, 138764, 3667
g2-ak128diagodiagoisc.cnf, 260097, 844290, 3667
g2-T118.2.1.cnf, 2945476, 10338509, 3667
mp1-9_14.cnf, 1458, 280139, 3667
g2-ak128modbtsimpbaig.cnf, 542796, 1626093, 3667
g2-T50.2.0.cnf, 8363858, 29258912, 3667
mp1-squ_ali_s10x10_c39_sinz_SAT.cnf, 2479, 5065, 3667
mp1-blockpuzzle_9x9_s1_free9.cnf, 7371, 1262871, 3667
mp1-klieber2017s-0300-033-t12.cnf, 19565, 58607, 3667
mp1-squ_any_s09x07_c27_abix_UNS.cnf, 851, 2731, 3667
g2-gss-34-s100.cnf, 32465, 97748, 3667
mp1-ps_5000_21250_3_0_0.6_0_1.50_8.cnf, 5000, 21250, 3667
mp1-ps_5000_21250_3_0_0.8_0_1.50_0.cnf, 5000, 21250, 3667
g2-T96.1.1.cnf, 8905808, 32322587, 3667
g2-T169.1.0.cnf, 1579557, 5889425, 3667
mp1-ps_5000_21250_3_0_0.6_0_1.50_4.cnf, 5000, 21250, 3667
mp1-22.4.cnf, 4128, 126580, 3667
mp1-22.1.cnf, 4128, 126580, 3667
mp1-blockpuzzle_5x10_s7_free4.cnf, 2700, 279150, 3667
mp1-Nb6T28.cnf, 21632, 85536, 3667
g2-T101.2.0.cnf, 4184145, 14567657, 3667
g2-modgen-n200-m90860q08c40-13698.cnf, 2200, 9086, 3667
mp1-9_1.cnf, 1458, 280142, 3667
mp1-klieber2017s-0490-022-t12.cnf, 29873, 89564, 3667
mp1-blockpuzzle_9x9_s7_free9.cnf, 7452, 1284255, 3667
g2-T85.2.1.cnf, 3399116, 11752598, 3667
g2-ak128diagobg2asaig.cnf, 373241, 1117434, 3667
g2-T99.2.0.cnf, 3467274, 12115112, 3667
mp1-ps_5000_21250_3_0_0.8_0_1.60_0.cnf, 5000, 21250, 3667
mp1-klieber2017s-0500-022-t12.cnf, 30894, 92627, 3667
g2-mult1.c.50.smt2-cvc4.cnf, 256368, 1052470, 3667
g2-T109.2.0.cnf, 3630175, 12672584, 3667
mp1-9_4.cnf, 1458, 280136, 3667
g2-hwmcc15deep-6s340rb63-k22.cnf, 276394, 817663, 3667
mp1-blockpuzzle_9x9_s7_free8.cnf, 7371, 1263033, 3667
g2-hwmcc15deep-6s161-k18.cnf, 48224, 140165, 3667
mp1-Nb5T14.cnf, 5891, 23400, 3667
mp1-Nb7T46.cnf, 57935, 229320, 3667
mp1-Nb6T25.cnf, 19187, 76032, 3667
g2-UTI-20-10p1.cnf, 260342, 1391257, 3667
mp1-ps_5000_21250_3_0_0.8_0_1.55_4.cnf, 5000, 21250, 3667
g2-ak128simpbbg2asaig.cnf, 506859, 1518282, 3667
g2-T108.2.1.cnf, 4335648, 15064144, 3667
mp1-ps_5000_21250_3_0_0.6_0_1.45_4.cnf, 5000, 21250, 3667
mp1-Nb5T07.cnf, 2608, 10800, 3667
g2-UR-20-10p1.cnf, 259234, 1387934, 3667
g2-gss-24-s100.cnf, 31821, 95735, 3667
g2-T124.2.0.cnf, 2696803, 9488008, 3667
g2-hwmcc15deep-6s188-k44.cnf, 202374, 596874, 3667
mp1-ps_5000_21250_3_0_0.8_0_1.55_6.cnf, 5000, 21250, 3667
mp1-ps_5000_21250_3_0_0.8_0_1.55_0.cnf, 5000, 21250, 3667
g2-ak128boothdiagoaig.cnf, 539624, 1616577, 3667
mp1-klieber2017s-0500-024-t12.cnf, 30935, 92744, 3667
g2-slp-synthesis-aes-top26.cnf, 76943, 245006, 3667
g2-slp-synthesis-aes-top25.cnf, 71356, 227126, 3667
mp1-Nb6T29.cnf, 22447, 88704, 3667
g2-T135.1.1.cnf, 2931812, 10536122, 3667
g2-hwmcc15deep-intel066-k10.cnf, 78582, 185592, 3667
mp1-9_9.cnf, 1458, 280139, 3667
mp1-24.3.cnf, 4448, 138764, 3667
g2-hwmcc15deep-6s188-k46.cnf, 213938, 631036, 3667
g2-hwmcc15deep-6s366r-k72.cnf, 198696, 583515, 3667
g2-T58.2.0.cnf, 1688661, 5839832, 3667
g2-ak128modbtbg1asaig.cnf, 426328, 1276689, 3667
mp1-squ_ali_s10x10_c39_bail_SAT.cnf, 647, 3239, 3667
mp1-9_3.cnf, 1458, 280144, 3667
g2-gss-26-s100.cnf, 31942, 96138, 3667
g2-T93.2.1.cnf, 3438718, 11882170, 3667
g2-ak128modbtbg1btaig.cnf, 573076, 1716933, 3667
g2-ak128astepmodasaig.cnf, 422391, 1264878, 3667
g2-hwmcc15deep-6s399b02-k02.cnf, 6950, 20705, 3667
g2-slp-synthesis-aes-top29.cnf, 94998, 302862, 3667
mp1-ps_5000_21250_3_0_0.7_0_1.50_4.cnf, 5000, 21250, 3667
g2-T169.2.0.cnf, 2996015, 10506588, 3667
mp1-klieber2017s-1000-024-eq.cnf, 5823, 17398, 3667
g2-gss-38-s100.cnf, 32759, 98646, 3667
mp1-23.5.cnf, 4288, 132672, 3667
mp1-21.2.cnf, 3968, 119208, 3667
mp1-blockpuzzle_8x8_s1_free4.cnf, 4480, 597568, 3667
g2-UCG-15-10p1.cnf, 200003, 1019221, 3667
mp1-tri_ali_s11_c35_abio_UNS.cnf, 932, 2968, 3667
mp1-rubikcube720.cnf, 2778, 56303, 3667
mp1-9_21.cnf, 1458, 280135, 3667
g2-hwmcc15deep-oski15a10b10s-k22.cnf, 569318, 1484814, 3667
mp1-blockpuzzle_9x9_s1_free7.cnf, 7209, 1220913, 3667
mp1-22.8.cnf, 4128, 126580, 3667
g2-T141.1.0.cnf, 2111677, 7703817, 3667
mp1-rubikcube212.cnf, 3090, 62778, 3667
mp1-blockpuzzle_9x9_s5_free3.cnf, 6885, 1138941, 3667
mp1-qpr-bmp280-driver-5.cnf, 24070, 98559, 3667
g2-ak128modbtbg2msisc.cnf, 296051, 968713, 3667
g2-ak128modasbg1msisc.cnf, 325625, 1040620, 3667
mp1-9_49.cnf, 1458, 280138, 3667
mp1-ps_5000_21250_3_0_0.8_0_1.70_4.cnf, 5000, 21250, 3667
g2-UTI-20-5p1.cnf, 225926, 1207249, 3667
mp1-blockpuzzle_7x10_s9_free6.cnf, 5320, 773150, 3667
g2-hwmcc15deep-6s341r-k19.cnf, 407917, 1210072, 3667
mp1-klieber2017s-1000-023-eq.cnf, 6118, 18286, 3667
fla-barthel-300-4.cnf, 300, 1290, 3
fla-qhid-340-4.cnf, 340, 1870, 3
fla-barthel-260-5.cnf, 260, 1118, 3
fla-komb-220-5.cnf, 220, 1145, 3
fla-qhid-360-2.cnf, 360, 1980, 3
fla-qhid-280-1.cnf, 280, 1540, 3
fla-qhid-380-4.cnf, 380, 2090, 3
fla-qhid-400-1.cnf, 400, 2200, 3
fla-komb-260-1.cnf, 260, 1353, 3
fla-komb-220-3.cnf, 220, 1145, 3
fla-qhid-340-3.cnf, 340, 1870, 3
fla-komb-260-4.cnf, 260, 1353, 3
fla-komb-320-3.cnf, 320, 1665, 3
fla-barthel-400-3.cnf, 400, 1720, 3
fla-barthel-380-3.cnf, 380, 1634, 3
fla-barthel-400-1.cnf, 400, 1720, 3
fla-komb-240-5.cnf, 240, 1249, 3
fla-qhid-200-5.cnf, 200, 1100, 3
fla-komb-320-2.cnf, 320, 1665, 3
fla-qhid-400-3.cnf, 400, 2200, 3
fla-qhid-220-2.cnf, 220, 1210, 3
fla-barthel-340-1.cnf, 340, 1462, 3
fla-qhid-340-2.cnf, 340, 1870, 3
fla-barthel-340-4.cnf, 340, 1462, 3
fla-qhid-240-3.cnf, 240, 1320, 3
fla-qhid-220-3.cnf, 220, 1210, 3
fla-barthel-220-1.cnf, 220, 946, 3
fla-komb-340-5.cnf, 340, 1770, 3
fla-barthel-320-5.cnf, 320, 1376, 3
fla-barthel-340-2.cnf, 340, 1462, 3
fla-barthel-360-1.cnf, 360, 1548, 3
fla-barthel-240-2.cnf, 240, 1032, 3
fla-barthel-280-3.cnf, 280, 1204, 3
fla-qhid-320-5.cnf, 320, 1760, 3
fla-barthel-300-1.cnf, 300, 1290, 3
fla-komb-380-2.cnf, 380, 1978, 3
fla-barthel-220-4.cnf, 220, 946, 3
fla-qhid-260-2.cnf, 260, 1430, 3
fla-qhid-200-2.cnf, 200, 1100, 3
fla-barthel-360-2.cnf, 360, 1548, 3
fla-qhid-240-5.cnf, 240, 1320, 3
fla-qhid-220-4.cnf, 220, 1210, 3
fla-qhid-360-5.cnf, 360, 1980, 3
fla-qhid-320-4.cnf, 320, 1760, 3
fla-barthel-400-5.cnf, 400, 1720, 3
fla-qhid-320-2.cnf, 320, 1760, 3
fla-komb-280-5.cnf, 280, 1457, 3
fla-komb-280-3.cnf, 280, 1457, 3
fla-komb-280-4.cnf, 280, 1457, 3
fla-komb-300-5.cnf, 300, 1561, 3
fla-barthel-200-2.cnf, 200, 860, 3
fla-komb-340-3.cnf, 340, 1770, 3
fla-komb-380-3.cnf, 380, 1978, 3
fla-komb-200-5.cnf, 200, 1041, 3
fla-barthel-240-5.cnf, 240, 1032, 3
fla-qhid-200-4.cnf, 200, 1100, 3
fla-qhid-300-1.cnf, 300, 1650, 3
fla-komb-400-5.cnf, 400, 2082, 3
fla-komb-360-1.cnf, 360, 1874, 3
fla-komb-320-5.cnf, 320, 1665, 3
fla-barthel-280-5.cnf, 280, 1204, 3
fla-komb-240-3.cnf, 240, 1249, 3
fla-barthel-340-3.cnf, 340, 1462, 3
fla-komb-220-1.cnf, 220, 1145, 3
fla-komb-300-4.cnf, 300, 1561, 3
fla-komb-340-4.cnf, 340, 1770, 3
fla-komb-360-4.cnf, 360, 1874, 3
fla-barthel-320-3.cnf, 320, 1376, 3
fla-qhid-320-1.cnf, 320, 1760, 3
fla-komb-280-1.cnf, 280, 1457, 3
fla-qhid-360-1.cnf, 360, 1980, 3
fla-qhid-300-4.cnf, 300, 1650, 3
fla-qhid-380-1.cnf, 380, 2090, 3
fla-komb-300-3.cnf, 300, 1561, 3
fla-qhid-200-1.cnf, 200, 1100, 3
fla-barthel-200-3.cnf, 200, 860, 3
fla-komb-260-3.cnf, 260, 1353, 3
fla-komb-400-3.cnf, 400, 2082, 3
fla-komb-380-4.cnf, 380, 1978, 3
fla-qhid-400-4.cnf, 400, 2200, 3
fla-barthel-300-2.cnf, 300, 1290, 3
fla-qhid-400-2.cnf, 400, 2200, 3
fla-qhid-220-5.cnf, 220, 1210, 3
fla-barthel-320-4.cnf, 320, 1376, 3
fla-qhid-260-1.cnf, 260, 1430, 3
fla-qhid-400-5.cnf, 400, 2200, 3
fla-barthel-360-3.cnf, 360, 1548, 3
fla-komb-340-2.cnf, 340, 1770, 3
fla-komb-200-3.cnf, 200, 1041, 3
fla-komb-360-5.cnf, 360, 1874, 3
fla-barthel-220-2.cnf, 220, 946, 3
fla-komb-240-2.cnf, 240, 1249, 3
fla-komb-340-1.cnf, 340, 1770, 3
fla-komb-380-5.cnf, 380, 1978, 3
fla-qhid-280-3.cnf, 280, 1540, 3
fla-barthel-380-1.cnf, 380, 1634, 3
fla-barthel-280-2.cnf, 280, 1204, 3
fla-barthel-320-1.cnf, 320, 1376, 3
fla-komb-220-4.cnf, 220, 1145, 3
fla-barthel-400-2.cnf, 400, 1720, 3
unif-k5-r18.0-v250000-c4500000-S1652546696642030523.cnf, 250000, 4500000, 5
unif-k3-r4.267-v11600-c49497-S1762043304096481101.cnf, 11600, 49497, 5
fla-barthel-520-5.cnf, 520, 2236, 5
unif-k5-r21.117-v440-c9291-S6491585289982274826.cnf, 440, 9291, 5
fla-barthel-460-1.cnf, 460, 1978, 5
unif-k5-r16.8-v250000-c4200000-S8240753849357273773.cnf, 250000, 4200000, 5
unif-k5-r21.117-v400-c8447-S926793083548950396.cnf, 400, 8447, 5
fla-barthel-460-4.cnf, 460, 1978, 5
unif-k5-r21.117-v200-c4223-S7017654974457002230.cnf, 200, 4223, 5
fla-qhid-540-5.cnf, 540, 2970, 5
fla-qhid-440-4.cnf, 440, 2420, 5
fla-barthel-500-2.cnf, 500, 2150, 5
fla-qhid-400-1.cnf, 400, 2200, 5
fla-komb-440-3.cnf, 440, 2290, 5
unif-k3-r4.267-v7600-c32429-S892076904192638253.cnf, 7600, 32429, 5
unif-k7-r87.79-v126-c11062-S7227046831584707768.cnf, 126, 11062, 7
unif-k3-r4.267-v5000-c21335-S7074029117783721897.cnf, 5000, 21335, 7
fla-barthel-440-4.cnf, 440, 1892, 7
fla-qhid-500-5.cnf, 500, 2750, 7
unif-k7-r87.79-v158-c13871-S5316340954353156769.cnf, 158, 13871, 7
unif-k7-r63.0-v50000-c3150000-S2363790937471111389.cnf, 50000, 3150000, 7
unif-k7-r69.0-v50000-c3450000-S4528072599893046293.cnf, 50000, 3450000, 7
fla-qhid-460-1.cnf, 460, 2530, 7
unif-k3-r4.267-v9200-c39256-S4597635838589708274.cnf, 9200, 39256, 7
unif-k5-r21.117-v330-c6969-S653720851959789752.cnf, 330, 6969, 7
unif-k7-r87.79-v116-c10184-S1739221206546805094.cnf, 116, 10184, 7
fla-qhid-460-2.cnf, 460, 2530, 7
unif-k5-r21.117-v390-c8236-S6114641627513131478.cnf, 390, 8236, 7
unif-k5-r21.117-v450-c9503-S1476844462704965621.cnf, 450, 9503, 7
fla-barthel-400-3.cnf, 400, 1720, 7
unif-k7-r87.79-v162-c14222-S3347100399535317523.cnf, 162, 14222, 7
unif-k3-r4.267-v12000-c51204-S365989707217707068.cnf, 12000, 51204, 7
fla-barthel-540-1.cnf, 540, 2322, 7
fla-barthel-400-1.cnf, 400, 1720, 7
unif-k3-r4.04-v1000000-c4040000-S3648196613327842796.cnf, 1000000, 4040000, 7
unif-k5-r21.117-v460-c9714-S298966016896146938.cnf, 460, 9714, 7
unif-k5-r21.117-v560-c11826-S5426282010500917383.cnf, 560, 11826, 7
fla-barthel-440-1.cnf, 440, 1892, 7
unif-k5-r21.117-v570-c12037-S3805302889558149616.cnf, 570, 12037, 7
unif-k3-r4.267-v12200-c52057-S6053291297272763057.cnf, 12200, 52057, 7
fla-komb-500-2.cnf, 500, 2603, 7
fla-komb-540-5.cnf, 540, 2811, 7
unif-k7-r61.0-v50000-c3050000-S7057355605457373895.cnf, 50000, 3050000, 7
unif-k5-r18.4-v250000-c4600000-S7836383387073567322.cnf, 250000, 4600000, 7
unif-k7-r87.79-v138-c12115-S1506684790007871380.cnf, 138, 12115, 7
unif-k7-r87.79-v136-c11939-S181454747818336060.cnf, 136, 11939, 7
unif-k7-r87.79-v130-c11413-S5219045117003365504.cnf, 130, 11413, 7
fla-qhid-400-3.cnf, 400, 2200, 7
fla-qhid-440-5.cnf, 440, 2420, 7
unif-k3-r4.267-v7000-c29869-S7195340798904639522.cnf, 7000, 29869, 7
unif-k3-r3.96-v1000000-c3960000-S3558148460087367656.cnf, 1000000, 3960000, 7
unif-k3-r4.24-v1000000-c4240000-S3906858592692058814.cnf, 1000000, 4240000, 7
unif-k7-r87.79-v168-c14749-S1212684761695687450.cnf, 168, 14749, 7
fla-barthel-460-2.cnf, 460, 1978, 7
unif-k5-r21.117-v260-c5490-S8347969854513386993.cnf, 260, 5490, 7
unif-k3-r4.267-v8800-c37550-S4522636208784436489.cnf, 8800, 37550, 7
fla-barthel-520-2.cnf, 520, 2236, 7
fla-komb-400-2.cnf, 400, 2082, 7
fla-barthel-420-3.cnf, 420, 1806, 7
fla-barthel-500-1.cnf, 500, 2150, 7
minisat, 0, 0, 7
fla-komb-500-3.cnf, 500, 2603, 7
unif-k3-r4.267-v8200-c34989-S4251477819550845587.cnf, 8200, 34989, 7
fla-barthel-500-4.cnf, 500, 2150, 7
unif-k7-r71.0-v50000-c3550000-S5691884605131494344.cnf, 50000, 3550000, 7
unif-k5-r21.117-v510-c10770-S6558866167722679676.cnf, 510, 10770, 7
unif-k3-r4.267-v6800-c29016-S3551890511093118645.cnf, 6800, 29016, 7
fla-komb-400-4.cnf, 400, 2082, 7
fla-komb-540-2.cnf, 540, 2811, 7
unif-k3-r4.267-v7800-c33283-S8028698157388906590.cnf, 7800, 33283, 7
unif-k5-r21.117-v210-c4435-S4338293904774857380.cnf, 210, 4435, 7
fla-barthel-480-3.cnf, 480, 2064, 7
unif-k3-r4.1-v1000000-c4100000-S1803403067600470239.cnf, 1000000, 4100000, 7
unif-k7-r87.79-v166-c14573-S5710365506944819593.cnf, 166, 14573, 7
fla-barthel-460-5.cnf, 460, 1978, 7
fla-barthel-480-4.cnf, 480, 2064, 7
fla-qhid-420-4.cnf, 420, 2310, 7
fla-barthel-500-3.cnf, 500, 2150, 7
fla-komb-420-5.cnf, 420, 2186, 7
unif-k3-r4.267-v9600-c40963-S2091738361900960619.cnf, 9600, 40963, 7
unif-k5-r21.117-v500-c10559-S1170097646465327720.cnf, 500, 10559, 7
unif-k5-r21.117-v340-c7180-S5810340120132705187.cnf, 340, 7180, 7
fla-komb-440-5.cnf, 440, 2290, 7
unif-k3-r4.267-v11000-c46937-S9098117218198287884.cnf, 11000, 46937, 7
unif-k3-r4.267-v6000-c25602-S5109966790751270824.cnf, 6000, 25602, 7
unif-k3-r3.92-v1000000-c3920000-S6092741848089267191.cnf, 1000000, 3920000, 7
unif-k3-r4.267-v11800-c50351-S6287348815442007821.cnf, 11800, 50351, 7
fla-komb-520-3.cnf, 520, 2707, 7
fla-komb-420-2.cnf, 420, 2186, 7
unif-k7-r55.0-v50000-c2750000-S2838912274901356185.cnf, 50000, 2750000, 7
unif-k7-r67.0-v50000-c3350000-S5951703576592014286.cnf, 50000, 3350000, 7
unif-k3-r4.267-v12400-c52911-S2334537137721322360.cnf, 12400, 52911, 7
fla-barthel-440-5.cnf, 440, 1892, 7
unif-k5-r17.4-v250000-c4350000-S6286569390624908822.cnf, 250000, 4350000, 7
fla-qhid-500-1.cnf, 500, 2750, 7
fla-qhid-480-4.cnf, 480, 2640, 7
fla-komb-420-1.cnf, 420, 2186, 7
unif-k3-r4.267-v6600-c28162-S4004217715910706598.cnf, 6600, 28162, 7
fla-komb-420-4.cnf, 420, 2186, 7
unif-k5-r21.117-v250-c5279-S8505979525147291692.cnf, 250, 5279, 7
unif-k5-r18.2-v250000-c4550000-S5831121207202121564.cnf, 250000, 4550000, 7
unif-k7-r87.79-v154-c13520-S6707779930891676684.cnf, 154, 13520, 7
unif-k7-r87.79-v122-c10710-S4968507719203311946.cnf, 122, 10710, 7
unif-k5-r21.117-v410-c8658-S2670570494612144143.cnf, 410, 8658, 7
fla-komb-480-5.cnf, 480, 2498, 7
fla-barthel-540-2.cnf, 540, 2322, 7
fla-komb-540-4.cnf, 540, 2811, 7
fla-qhid-540-4.cnf, 540, 2970, 7
unif-k5-r21.117-v290-c6124-S7620841426942992612.cnf, 290, 6124, 7
unif-k7-r57.0-v50000-c2850000-S5294573870469360652.cnf, 50000, 2850000, 7
fla-komb-480-2.cnf, 480, 2498, 7
unif-k7-r87.79-v94-c8252-S7774212220528856960.cnf, 94, 8252, 7
unif-k5-r21.117-v480-c10136-S5706060576835402298.cnf, 480, 10136, 7
unif-k7-r87.79-v142-c12466-S6659204192969892319.cnf, 142, 12466, 7
fla-barthel-460-3.cnf, 460, 1978, 7
unif-k3-r3.9-v1000000-c3900000-S3575032788706252793.cnf, 1000000, 3900000, 7
fla-qhid-440-2.cnf, 440, 2420, 7
unif-k5-r21.117-v370-c7813-S9201248559798997869.cnf, 370, 7813, 7
fla-barthel-520-3.cnf, 520, 2236, 7
unif-k7-r87.79-v160-c14046-S3361052483515466535.cnf, 160, 14046, 7
fla-komb-460-4.cnf, 460, 2394, 7
unif-k7-r87.79-v114-c10008-S4089206693193753515.cnf, 114, 10008, 7
unif-k5-r21.117-v530-c11192-S2336161258128237530.cnf, 530, 11192, 7
unif-k7-r87.79-v156-c13695-S7272687843958500472.cnf, 156, 13695, 7
unif-k3-r4.08-v1000000-c4080000-S2034309162892465333.cnf, 1000000, 4080000, 7
fla-qhid-520-3.cnf, 520, 2860, 7
fla-barthel-400-5.cnf, 400, 1720, 7
fla-barthel-540-4.cnf, 540, 2322, 7
unif-k5-r21.117-v590-c12459-S7504243864067342723.cnf, 590, 12459, 7
unif-k3-r4.267-v9800-c41817-S5391086444281741437.cnf, 9800, 41817, 7
unif-k5-r16.6-v250000-c4150000-S303183903773180703.cnf, 250000, 4150000, 7
unif-k7-r64.0-v50000-c3200000-S8337067477043342710.cnf, 50000, 3200000, 7
unif-k5-r21.117-v520-c10981-S5055729529807579867.cnf, 520, 10981, 7
unif-k3-r4.267-v7200-c30722-S2116382194526667632.cnf, 7200, 30722, 7
unif-k5-r16.0-v250000-c4000000-S2840568844400290198.cnf, 250000, 4000000, 7
unif-k7-r87.79-v112-c9832-S3760299964096617842.cnf, 112, 9832, 7
unif-k3-r4.267-v5200-c22188-S5665631340754450009.cnf, 5200, 22188, 7
unif-k7-r87.79-v148-c12993-S8241986391234986808.cnf, 148, 12993, 7
unif-k7-r66.0-v50000-c3300000-S1769616676470043497.cnf, 50000, 3300000, 7
unif-k3-r4.02-v1000000-c4020000-S6225052805065479883.cnf, 1000000, 4020000, 7
unif-k3-r3.94-v1000000-c3940000-S1376986686936395754.cnf, 1000000, 3940000, 7
unif-k3-r4.06-v1000000-c4060000-S3907108879416075214.cnf, 1000000, 4060000, 7
fla-qhid-540-3.cnf, 540, 2970, 7
unif-k5-r21.117-v280-c5913-S4476019334418644442.cnf, 280, 5913, 7
fla-komb-440-1.cnf, 440, 2290, 7
fla-barthel-520-4.cnf, 520, 2236, 7
fla-komb-520-1.cnf, 520, 2707, 7
fla-qhid-520-2.cnf, 520, 2860, 7
fla-komb-480-3.cnf, 480, 2498, 7
fla-qhid-420-1.cnf, 420, 2310, 7
fla-komb-400-5.cnf, 400, 2082, 7
unif-k3-r4.12-v1000000-c4120000-S6495358784648759216.cnf, 1000000, 4120000, 7
unif-k7-r87.79-v92-c8077-S5138510769322313575.cnf, 92, 8077, 7
unif-k3-r4.267-v7400-c31576-S6586437018643981673.cnf, 7400, 31576, 7
fla-qhid-480-3.cnf, 480, 2640, 7
unif-k7-r87.79-v118-c10359-S3716702421731913834.cnf, 118, 10359, 7
unif-k3-r3.88-v1000000-c3880000-S5533253374837807138.cnf, 1000000, 3880000, 7
unif-k7-r87.79-v140-c12291-S1676175786305585405.cnf, 140, 12291, 7
fla-barthel-540-3.cnf, 540, 2322, 7
unif-k7-r87.79-v152-c13344-S7099058550030087021.cnf, 152, 13344, 7
unif-k7-r87.79-v146-c12817-S9056440324072995731.cnf, 146, 12817, 7
unif-k5-r21.117-v420-c8869-S773221119487967517.cnf, 420, 8869, 7
fla-qhid-420-2.cnf, 420, 2310, 7
unif-k3-r4.267-v11200-c47790-S6594156138158251338.cnf, 11200, 47790, 7
unif-k7-r87.79-v132-c11588-S1576450241435659387.cnf, 132, 11588, 7
unif-k3-r4.267-v5600-c23895-S3371819844871995942.cnf, 5600, 23895, 7
unif-k7-r68.0-v50000-c3400000-S1444615878917653225.cnf, 50000, 3400000, 7
fla-qhid-460-3.cnf, 460, 2530, 7
fla-komb-420-3.cnf, 420, 2186, 7
fla-qhid-520-5.cnf, 520, 2860, 7
fla-komb-540-3.cnf, 540, 2811, 7
unif-k7-r87.79-v100-c8779-S8080493432133929252.cnf, 100, 8779, 7
fla-barthel-480-2.cnf, 480, 2064, 7
fla-barthel-420-1.cnf, 420, 1806, 7
unif-k3-r4.267-v10400-c44377-S5638656085474036403.cnf, 10400, 44377, 7
unif-k7-r87.79-v164-c14398-S5255820065687177941.cnf, 164, 14398, 7
unif-k3-r4.267-v6200-c26455-S2786480448233294612.cnf, 6200, 26455, 7
fla-komb-480-1.cnf, 480, 2498, 7
fla-qhid-440-3.cnf, 440, 2420, 7
fla-qhid-480-2.cnf, 480, 2640, 7
fla-barthel-480-5.cnf, 480, 2064, 7
unif-k5-r17.0-v250000-c4250000-S8760688634393583353.cnf, 250000, 4250000, 7
fla-komb-500-4.cnf, 500, 2603, 7
fla-komb-520-5.cnf, 520, 2707, 7
unif-k7-r65.0-v50000-c3250000-S7123633707112711231.cnf, 50000, 3250000, 7
unif-k5-r21.117-v380-c8024-S5594608747426617875.cnf, 380, 8024, 7
fla-komb-520-4.cnf, 520, 2707, 7
unif-k7-r87.79-v96-c8428-S353981898101299977.cnf, 96, 8428, 7
unif-k5-r21.117-v350-c7391-S6288900680238461676.cnf, 350, 7391, 7
unif-k3-r4.267-v11400-c48644-S2086773782901919115.cnf, 11400, 48644, 7
fla-qhid-500-4.cnf, 500, 2750, 7
unif-k7-r87.79-v106-c9306-S6638513661411140338.cnf, 106, 9306, 7
fla-barthel-500-5.cnf, 500, 2150, 7
fla-barthel-400-4.cnf, 400, 1720, 7
unif-k3-r4.267-v10000-c42670-S2792594894705517538.cnf, 10000, 42670, 7
fla-barthel-420-4.cnf, 420, 1806, 7
unif-k7-r87.79-v110-c9657-S2582488838921660314.cnf, 110, 9657, 7
unif-k7-r73.0-v50000-c3650000-S484954902471223137.cnf, 50000, 3650000, 7
unif-k7-r60.0-v50000-c3000000-S3931871218776579289.cnf, 50000, 3000000, 7
fla-qhid-520-1.cnf, 520, 2860, 7
unif-k5-r21.117-v490-c10347-S5526178878553370365.cnf, 490, 10347, 7
unif-k7-r72.0-v50000-c3600000-S1268052464921509571.cnf, 50000, 3600000, 7
fla-qhid-440-1.cnf, 440, 2420, 7
unif-k5-r17.2-v250000-c4300000-S1646500780636228959.cnf, 250000, 4300000, 7
unif-k3-r4.267-v8000-c34136-S8324805458183996333.cnf, 8000, 34136, 7
unif-k5-r21.117-v320-c6757-S3765877512010510940.cnf, 320, 6757, 7
unif-k7-r87.79-v90-c7901-S1505320570128184700.cnf, 90, 7901, 7
unif-k7-r87.79-v120-c10535-S8051742573598022453.cnf, 120, 10535, 7
unif-k7-r87.79-v98-c8603-S1013303228989944376.cnf, 98, 8603, 7
fla-qhid-420-3.cnf, 420, 2310, 7
fla-qhid-540-2.cnf, 540, 2970, 7
fla-komb-400-3.cnf, 400, 2082, 7
fla-komb-500-5.cnf, 500, 2603, 7
unif-k3-r4.267-v12800-c54618-S3060701628790116867.cnf, 12800, 54618, 7
fla-komb-440-4.cnf, 440, 2290, 7
unif-k3-r4.267-v6400-c27309-S1880194658984994893.cnf, 6400, 27309, 7
unif-k5-r21.117-v220-c4646-S3201531608874935185.cnf, 220, 4646, 7
fla-qhid-460-5.cnf, 460, 2530, 7
fla-qhid-460-4.cnf, 460, 2530, 7
unif-k3-r4.16-v1000000-c4160000-S7186805250290616461.cnf, 1000000, 4160000, 7
unif-k7-r87.79-v102-c8955-S1418638565513380718.cnf, 102, 8955, 7
fla-qhid-400-4.cnf, 400, 2200, 7
fla-komb-540-1.cnf, 540, 2811, 7
unif-k5-r21.117-v580-c12248-S4721380287270829949.cnf, 580, 12248, 7
fla-qhid-540-1.cnf, 540, 2970, 7
unif-k5-r21.117-v430-c9080-S3233086698619218354.cnf, 430, 9080, 7
unif-k7-r62.0-v50000-c3100000-S3971333156363194488.cnf, 50000, 3100000, 7
fla-qhid-520-4.cnf, 520, 2860, 7
fla-komb-460-1.cnf, 460, 2394, 7
fla-barthel-540-5.cnf, 540, 2322, 7
unif-k5-r21.117-v300-c6335-S8986392965421609177.cnf, 300, 6335, 7
unif-k5-r21.117-v230-c4857-S5479775162221994885.cnf, 230, 4857, 7
fla-komb-460-3.cnf, 460, 2394, 7
unif-k3-r4.267-v8400-c35843-S4656778782023735076.cnf, 8400, 35843, 7
fla-qhid-400-2.cnf, 400, 2200, 7
unif-k7-r58.0-v50000-c2900000-S1519171200728684507.cnf, 50000, 2900000, 7
unif-k7-r87.79-v134-c11764-S4638772874971766657.cnf, 134, 11764, 7
fla-barthel-440-2.cnf, 440, 1892, 7
unif-k3-r4.267-v9400-c40110-S8330616637350595291.cnf, 9400, 40110, 7
unif-k3-r4.267-v10200-c43523-S6513283821756523194.cnf, 10200, 43523, 7
unif-k7-r59.0-v50000-c2950000-S92128245810540814.cnf, 50000, 2950000, 7
unif-k3-r3.86-v1000000-c3860000-S7839921735041677298.cnf, 1000000, 3860000, 7
unif-k3-r3.98-v1000000-c3980000-S3889317858349292504.cnf, 1000000, 3980000, 7
unif-k7-r70.0-v50000-c3500000-S187829520812454032.cnf, 50000, 3500000, 7
unif-k3-r4.267-v9000-c38403-S8769211094528226488.cnf, 9000, 38403, 7
fla-barthel-420-5.cnf, 420, 1806, 7
fla-barthel-440-3.cnf, 440, 1892, 7
unif-k3-r4.267-v5800-c24749-S951551402962180994.cnf, 5800, 24749, 7
fla-komb-400-1.cnf, 400, 2082, 7
unif-k3-r4.267-v12600-c53764-S1775739967686661438.cnf, 12600, 53764, 7
fla-komb-440-2.cnf, 440, 2290, 7
unif-k5-r21.117-v550-c11614-S7034194115424850348.cnf, 550, 11614, 7
fla-komb-520-2.cnf, 520, 2707, 7
fla-qhid-400-5.cnf, 400, 2200, 7
unif-k5-r16.4-v250000-c4100000-S3038296532372708244.cnf, 250000, 4100000, 7
fla-qhid-480-1.cnf, 480, 2640, 7
fla-barthel-520-1.cnf, 520, 2236, 7
unif-k5-r16.2-v250000-c4050000-S2405994902167461951.cnf, 250000, 4050000, 7
fla-komb-460-2.cnf, 460, 2394, 7
fla-qhid-480-5.cnf, 480, 2640, 7
unif-k3-r4.267-v10600-c45230-S7449323914244751334.cnf, 10600, 45230, 7
unif-k3-r4.14-v1000000-c4140000-S3119151050448401118.cnf, 1000000, 4140000, 7
fla-qhid-500-3.cnf, 500, 2750, 7
fla-komb-460-5.cnf, 460, 2394, 7
fla-qhid-420-5.cnf, 420, 2310, 7
unif-k3-r4.22-v1000000-c4220000-S5452028736135744721.cnf, 1000000, 4220000, 7
unif-k7-r56.0-v50000-c2800000-S375690732952207170.cnf, 50000, 2800000, 7
fla-komb-500-1.cnf, 500, 2603, 7
unif-k7-r87.79-v104-c9130-S6462582408680155807.cnf, 104, 9130, 7
fla-qhid-500-2.cnf, 500, 2750, 7
unif-k7-r87.79-v144-c12642-S338158326836353896.cnf, 144, 12642, 7
unif-k7-r74.0-v50000-c3700000-S1863802562722817474.cnf, 50000, 3700000, 7
unif-k5-r21.117-v270-c5702-S4684262872511140577.cnf, 270, 5702, 7
fla-barthel-420-2.cnf, 420, 1806, 7
unif-k7-r87.79-v124-c10886-S3428763825753429360.cnf, 124, 10886, 7
unif-k5-r21.117-v360-c7602-S2768201943024705773.cnf, 360, 7602, 7
unif-k5-r21.117-v470-c9925-S3861407635422855456.cnf, 470, 9925, 7
fla-barthel-480-1.cnf, 480, 2064, 7
unif-k5-r21.117-v540-c11403-S5955214796121725857.cnf, 540, 11403, 7
unif-k7-r87.79-v128-c11237-S1617148845033649152.cnf, 128, 11237, 7
unif-k5-r21.117-v310-c6546-S5772513443034737376.cnf, 310, 6546, 7
unif-k3-r4.267-v10800-c46084-S1881304935716566882.cnf, 10800, 46084, 7
fla-komb-480-4.cnf, 480, 2498, 7
unif-k7-r87.79-v108-c9481-S7477861216634081134.cnf, 108, 9481, 7
unif-k5-r17.6-v250000-c4400000-S1262889179860729124.cnf, 250000, 4400000, 7
unif-k5-r21.117-v240-c5068-S4194079980096314847.cnf, 240, 5068, 7
unif-k3-r4.0-v1000000-c4000000-S356736642989856023.cnf, 1000000, 4000000, 7
unif-k3-r4.267-v5400-c23042-S823501920153658085.cnf, 5400, 23042, 7
unif-k7-r87.79-v150-c13169-S7354925667970663918.cnf, 150, 13169, 7
unif-k3-r4.267-v8600-c36696-S6284838828766879342.cnf, 8600, 36696, 7
unif-k3-r4.18-v1000000-c4180000-S4969147505764197198.cnf, 1000000, 4180000, 7
unif-k3-r4.2-v1000000-c4200000-S4695948887549984591.cnf, 1000000, 4200000, 7
fla-barthel-400-2.cnf, 400, 1720, 7
unif-k5-r17.8-v250000-c4450000-S8028644498661653645.cnf, 250000, 4450000, 7
